<?xml version="1.0" encoding="UTF-8" standalone="no"?>
<!-- Created with Inkscape (http://www.inkscape.org/) -->

<svg
   xmlns:dc="http://purl.org/dc/elements/1.1/"
   xmlns:cc="http://creativecommons.org/ns#"
   xmlns:rdf="http://www.w3.org/1999/02/22-rdf-syntax-ns#"
   xmlns:svg="http://www.w3.org/2000/svg"
   xmlns="http://www.w3.org/2000/svg"
   version="1.1"
   width="199.96262"
   height="50.247543"
   id="svg39977"
   xml:space="preserve"><metadata
     id="metadata39983"><rdf:RDF><cc:Work
         rdf:about=""><dc:format>image/svg+xml</dc:format><dc:type
           rdf:resource="http://purl.org/dc/dcmitype/StillImage" /><dc:title></dc:title></cc:Work></rdf:RDF></metadata><defs
     id="defs39981"><clipPath
       id="clipPath39993"><path
         d="M 0,792 1224,792 1224,0 0,0 0,792 z"
         id="path39995" /></clipPath><clipPath
       id="clipPath40017"><path
         d="m 0,384 612,0 0,408 -612,0 0,-408 z"
         id="path40019" /></clipPath><clipPath
       id="clipPath40031"><path
         d="m 0,0 1224,0 0,792 L 0,792 0,0 z"
         id="path40033" /></clipPath><clipPath
       id="clipPath40045"><path
         d="m 124.185,208.563 363.631,0 0,91.378 -363.631,0 0,-91.378 z"
         id="path40047" /></clipPath><clipPath
       id="clipPath40121"><path
         d="m 124.185,208.563 363.63,0 0,91.378 -363.63,0 0,-91.378 z"
         id="path40123" /></clipPath><clipPath
       id="clipPath40133"><path
         d="m 124.185,208.563 363.631,0 0,91.378 -363.631,0 0,-91.378 z"
         id="path40135" /></clipPath><clipPath
       id="clipPath40133-6"><path
         d="m 124.185,208.563 363.631,0 0,91.378 -363.631,0 0,-91.378 z"
         id="path40135-1" /></clipPath><clipPath
       id="clipPath40121-3"><path
         d="m 124.185,208.563 363.63,0 0,91.378 -363.63,0 0,-91.378 z"
         id="path40123-8" /></clipPath><clipPath
       id="clipPath40045-9"><path
         d="m 124.185,208.563 363.631,0 0,91.378 -363.631,0 0,-91.378 z"
         id="path40047-3" /></clipPath></defs><g
     transform="matrix(1.25,0,0,-1.25,-692.20009,489.71133)"
     id="g39985"><g
       transform="matrix(0.43992569,0,0,0.43992569,399.74193,219.41979)"
       id="g40846"><g
         transform="translate(225.91536,91.828059)"
         id="g40041"><g
           clip-path="url(#clipPath40045-9)"
           id="g40043"><g
             transform="translate(256.4958,243.9718)"
             id="g40049"><path
               d="m 0,0 c -1.854,-1.119 -5.019,-1.726 -6.968,-1.726 -7.674,0 -12.852,4.381 -12.852,11.637 0,3.675 1.438,6.586 3.9,8.599 2.397,1.981 5.657,3.07 9.238,3.07 2.974,0 5.851,-0.77 7.385,-1.312 -0.32,-1.502 -0.607,-3.196 -0.607,-4.859 l -0.991,0 0,2.302 c 0,0.895 -1.279,1.439 -2.749,1.982 -1.023,0.351 -2.398,0.543 -3.581,0.543 -6.01,0 -9.175,-4.38 -9.175,-9.814 C -16.4,4.093 -12.212,0 -5.882,0 c 2.301,0 5.019,0.83 6.49,1.917 L 0.896,1.598 0,0 z"
               id="path40051"
               style="fill:#b32025;fill-opacity:1;fill-rule:nonzero;stroke:none" /></g><g
             transform="translate(261.5148,251.1006)"
             id="g40053"><path
               d="m 0,0 c 0,-3.355 1.215,-7.801 5.307,-7.801 2.909,0 4.156,2.911 4.156,5.883 0,4.124 -1.95,7.64 -5.02,7.64 C 1.055,5.722 0,2.974 0,0 m -2.973,-1.375 c 0,4.796 3.005,8.152 8.151,8.152 4.093,0 7.258,-3.196 7.258,-7.288 0,-4.889 -3.485,-8.343 -8.376,-8.343 -4.028,-0.129 -7.033,3.067 -7.033,7.479"
               id="path40055"
               style="fill:#b32025;fill-opacity:1;fill-rule:nonzero;stroke:none" /></g><g
             transform="translate(277.1798,253.3394)"
             id="g40057"><path
               d="m 0,0 c 0,1.023 -0.065,1.726 -0.224,1.981 -0.192,0.256 -0.513,0.352 -1.184,0.352 l -1.182,0 0,0.895 c 1.887,0.191 3.804,0.799 4.988,1.31 l 0.287,-0.128 0,-3.227 0.064,0 1.727,2.045 c 0.766,0.926 1.853,1.31 2.684,1.31 0.544,0 1.216,-0.16 1.471,-0.352 l -0.287,-3.834 -0.672,0 C 7.32,1.119 6.649,1.822 5.499,1.822 4.091,1.822 2.685,0.352 2.685,-1.696 l 0,-5.496 c 0,-0.866 0.032,-1.505 0.16,-1.857 0.127,-0.286 0.607,-0.415 1.343,-0.447 l 1.662,-0.096 0,-0.959 c -1.662,0.032 -2.941,0.097 -4.509,0.097 -1.565,0 -2.844,-0.065 -3.995,-0.097 l 0,0.959 1.47,0.096 c 0.544,0.032 0.896,0.161 1.023,0.447 C -0.033,-8.697 0,-8.058 0,-7.192 L 0,0 z"
               id="path40059"
               style="fill:#b32025;fill-opacity:1;fill-rule:nonzero;stroke:none" /></g><g
             transform="translate(292.1408,246.1476)"
             id="g40061"><path
               d="m 0,0 c 0,-0.866 0.032,-1.505 0.159,-1.858 0.128,-0.286 0.48,-0.414 1.024,-0.446 l 1.438,-0.096 0,-0.959 c -1.119,0.032 -2.398,0.096 -3.964,0.096 -1.567,0 -2.845,-0.064 -3.964,-0.096 l 0,0.959 1.438,0.096 c 0.543,0.032 0.895,0.16 1.024,0.446 0.126,0.353 0.159,0.992 0.159,1.858 l 0,7.192 c 0,1.023 -0.064,1.726 -0.224,1.981 -0.192,0.256 -0.511,0.352 -1.183,0.352 l -1.182,0 0,0.894 c 1.886,0.192 3.804,0.8 4.986,1.311 L 0,11.602 0,8.886 l 0.063,0 2.366,2.045 c 0.703,0.607 1.311,0.799 2.59,0.799 3.74,0 5.274,-2.077 5.274,-5.563 l 0,-6.167 c 0,-0.866 0.032,-1.505 0.16,-1.858 0.128,-0.286 0.48,-0.414 1.023,-0.446 l 1.311,-0.096 0,-0.959 c -0.8,0.032 -1.726,0.096 -2.621,0.096 -0.896,0 -1.824,-0.064 -2.558,-0.096 l 0,9.079 C 7.608,8.375 6.106,9.781 3.932,9.781 1.982,9.781 0,8.087 0,6.776 L 0,0 z"
               id="path40063"
               style="fill:#b32025;fill-opacity:1;fill-rule:nonzero;stroke:none" /></g><g
             transform="translate(308.6358,251.5166)"
             id="g40065"><path
               d="m 0,0 c 2.621,-0.289 5.306,-0.225 7.609,-0.097 0,2.974 -1.087,5.403 -3.39,5.403 C 1.757,5.306 -0.16,3.485 0,0 m 10.454,0.511 c 0,-0.447 0,-0.894 -0.065,-1.342 -1.918,-0.32 -3.867,-0.447 -5.786,-0.447 l -4.667,0 c 0,-3.74 1.854,-6.299 5.786,-6.299 1.534,0 2.749,0.767 3.964,1.502 L 10.101,-6.394 9.462,-7.48 c -0.224,-0.385 -2.94,-1.79 -5.115,-1.79 -4.827,0 -7.384,3.067 -7.384,7.383 0,3.101 0.831,4.956 2.301,6.106 0.608,0.48 1.28,0.96 1.984,1.279 1.117,0.511 2.045,0.863 3.132,0.863 3.484,0 6.074,-2.237 6.074,-5.85"
               id="path40067"
               style="fill:#b32025;fill-opacity:1;fill-rule:nonzero;stroke:none" /></g><g
             transform="translate(322.2858,262.7051)"
             id="g40069"><path
               d="m 0,0 c 0,0.735 -0.096,1.311 -0.799,1.311 l -1.791,0 0,0.895 c 1.696,0.255 3.39,0.543 4.989,1.183 l 0.286,-0.256 0,-19.691 c 0,-0.866 0.032,-1.504 0.161,-1.857 0.128,-0.286 0.478,-0.415 1.022,-0.446 l 1.472,-0.097 0,-0.959 c -1.152,0.032 -2.431,0.097 -3.997,0.097 -1.568,0 -2.846,-0.065 -3.997,-0.097 l 0,0.959 1.472,0.097 c 0.542,0.031 0.895,0.16 1.021,0.446 0.129,0.353 0.161,0.991 0.161,1.857 L 0,0 z"
               id="path40071"
               style="fill:#b32025;fill-opacity:1;fill-rule:nonzero;stroke:none" /></g><g
             transform="translate(331.7478,262.7051)"
             id="g40073"><path
               d="m 0,0 c 0,0.735 -0.096,1.311 -0.799,1.311 l -1.791,0 0,0.895 c 1.695,0.255 3.39,0.543 4.988,1.183 l 0.288,-0.256 0,-19.691 c 0,-0.866 0.031,-1.504 0.16,-1.857 0.128,-0.286 0.479,-0.415 1.022,-0.446 l 1.47,-0.097 0,-0.959 c -1.15,0.032 -2.429,0.097 -3.995,0.097 -1.566,0 -2.846,-0.065 -3.995,-0.097 l 0,0.959 1.469,0.097 c 0.543,0.031 0.896,0.16 1.023,0.446 0.128,0.353 0.16,0.991 0.16,1.857 L 0,0 z"
               id="path40075"
               style="fill:#b32025;fill-opacity:1;fill-rule:nonzero;stroke:none" /></g><g
             transform="translate(347.0288,261.0757)"
             id="g40077"><path
               d="M 0,0 C 0,1.214 -0.064,2.046 -0.288,2.397 -0.479,2.716 -0.864,2.844 -1.63,2.876 l -1.535,0.096 0,0.959 C -1.504,3.867 0,3.835 1.565,3.835 c 1.472,0 2.974,0.032 4.636,0.096 l 0,-0.959 L 4.667,2.876 C 3.9,2.844 3.517,2.716 3.323,2.397 3.101,2.046 3.037,1.214 3.037,0 l 0,-10.999 c 0,-4.537 2.365,-5.85 6.585,-5.85 3.452,0 6.585,1.313 6.585,6.618 l 0,10.231 c 0,1.214 -0.063,2.046 -0.288,2.397 -0.191,0.319 -0.574,0.416 -1.343,0.479 L 13.171,2.972 13.17,3.931 c 1.278,-0.032 2.558,-0.096 3.709,-0.096 1.278,0 2.429,0.064 3.837,0.096 l 0,-0.959 -1.408,-0.096 C 18.541,2.813 18.157,2.716 17.966,2.397 17.741,2.046 17.677,1.214 17.677,0 l 0,-9.241 c 0,-6.841 -2.588,-9.589 -9.047,-9.589 -5.433,0 -8.63,1.629 -8.63,7.48 L 0,0 z"
               id="path40079"
               style="fill:#b32025;fill-opacity:1;fill-rule:nonzero;stroke:none" /></g><g
             transform="translate(371.9338,246.1476)"
             id="g40081"><path
               d="M 0,0 C 0,-0.866 0.031,-1.505 0.159,-1.858 0.286,-2.144 0.638,-2.272 1.181,-2.304 L 2.62,-2.4 l 0,-0.959 c -1.119,0.032 -2.398,0.096 -3.963,0.096 -1.568,0 -2.846,-0.064 -3.965,-0.096 l 0,0.959 1.437,0.096 c 0.544,0.032 0.897,0.16 1.024,0.446 0.128,0.353 0.16,0.992 0.16,1.858 l 0,7.192 c 0,1.023 -0.064,1.726 -0.224,1.981 -0.191,0.256 -0.51,0.352 -1.182,0.352 l -1.183,0 0,0.894 c 1.887,0.192 3.804,0.8 4.986,1.311 L 0,11.602 0,8.886 l 0.062,0 2.367,2.045 c 0.701,0.607 1.31,0.799 2.588,0.799 3.74,0 5.276,-2.077 5.276,-5.563 l 0,-6.167 c 0,-0.866 0.032,-1.505 0.159,-1.858 0.128,-0.286 0.48,-0.414 1.024,-0.446 l 1.31,-0.096 0,-0.959 c -0.801,0.032 -1.727,0.096 -2.621,0.096 -0.895,0 -1.823,-0.064 -2.558,-0.096 l 0,9.079 C 7.607,8.375 6.105,9.781 3.93,9.781 1.98,9.781 0,8.087 0,6.776 L 0,0 z"
               id="path40083"
               style="fill:#b32025;fill-opacity:1;fill-rule:nonzero;stroke:none" /></g><g
             transform="translate(391.9768,263.0566)"
             id="g40085"><path
               d="m 0,0 c 0,-0.926 -0.864,-1.757 -1.791,-1.757 -0.927,0 -1.758,0.831 -1.758,1.757 0,0.927 0.831,1.79 1.758,1.79 C -0.864,1.79 0,0.927 0,0 m -0.289,-16.909 c 0,-0.866 0.032,-1.505 0.162,-1.858 0.127,-0.286 0.478,-0.415 1.022,-0.446 l 1.47,-0.097 0,-0.958 c -1.152,0.032 -2.429,0.096 -3.996,0.096 -1.567,0 -2.845,-0.064 -3.996,-0.096 l 0,0.958 1.47,0.097 c 0.543,0.031 0.896,0.16 1.023,0.446 0.129,0.353 0.16,0.992 0.16,1.858 l 0,7.192 c 0,1.023 -0.064,1.726 -0.224,1.981 -0.191,0.256 -0.511,0.352 -1.181,0.352 l -1.184,0 0,0.894 c 1.886,0.192 3.805,0.8 4.985,1.311 l 0.289,-0.128 0,-11.602 z"
               id="path40087"
               style="fill:#b32025;fill-opacity:1;fill-rule:nonzero;stroke:none" /></g><g
             transform="translate(404.3798,246.1476)"
             id="g40089"><path
               d="m 0,0 c -0.544,-1.186 -0.863,-2.4 -1.312,-3.486 l -1.597,0 -5.499,12.882 c -0.192,0.449 -0.384,1.023 -0.993,1.056 l -1.086,0.064 0,0.894 c 1.248,-0.032 2.495,-0.096 3.741,-0.096 1.247,0 2.462,0.064 3.709,0.096 l 0,-0.894 -1.566,-0.064 C -5.436,10.419 -5.658,9.972 -5.115,8.63 l 3.803,-9.208 c 0.672,1.473 1.375,2.974 1.983,4.476 l 1.342,3.39 c 0.863,2.205 0.8,3.131 -0.16,3.164 l -1.31,0.064 0,0.894 c 0.991,-0.032 2.013,-0.096 3.005,-0.096 0.99,0 2.014,0.064 3.005,0.096 l 0,-0.894 -0.991,-0.064 C 4.763,10.387 4.22,9.269 3.772,8.31 L 0,0 z"
               id="path40091"
               style="fill:#b32025;fill-opacity:1;fill-rule:nonzero;stroke:none" /></g><g
             transform="translate(413.7128,251.5166)"
             id="g40093"><path
               d="M 0,0 C 2.623,-0.289 5.309,-0.225 7.609,-0.097 7.609,2.877 6.522,5.306 4.222,5.306 1.76,5.306 -0.159,3.485 0,0 m 10.455,0.511 c 0,-0.447 0,-0.894 -0.065,-1.342 -1.918,-0.32 -3.868,-0.447 -5.785,-0.447 l -4.667,0 c 0,-3.74 1.853,-6.299 5.786,-6.299 1.534,0 2.748,0.767 3.964,1.502 L 10.103,-6.394 9.465,-7.48 C 9.24,-7.865 6.522,-9.27 4.348,-9.27 c -4.827,0 -7.384,3.067 -7.384,7.383 0,3.101 0.832,4.956 2.302,6.106 0.607,0.48 1.279,0.96 1.982,1.279 1.119,0.511 2.046,0.863 3.133,0.863 3.485,0 6.074,-2.237 6.074,-5.85"
               id="path40095"
               style="fill:#b32025;fill-opacity:1;fill-rule:nonzero;stroke:none" /></g><g
             transform="translate(428.4828,253.3394)"
             id="g40097"><path
               d="m 0,0 c 0,1.023 -0.063,1.726 -0.223,1.981 -0.193,0.256 -0.512,0.352 -1.183,0.352 l -1.184,0 0,0.895 c 1.887,0.191 3.805,0.799 4.988,1.31 l 0.288,-0.128 0,-3.227 0.063,0 1.728,2.045 c 0.767,0.926 1.853,1.31 2.683,1.31 0.544,0 1.216,-0.16 1.471,-0.352 l -0.288,-3.834 -0.671,0 C 7.321,1.119 6.65,1.822 5.499,1.822 4.092,1.822 2.686,0.352 2.686,-1.696 l 0,-5.496 c 0,-0.866 0.03,-1.505 0.16,-1.857 0.127,-0.286 0.606,-0.415 1.344,-0.447 l 1.661,-0.096 0,-0.959 c -1.661,0.032 -2.942,0.097 -4.508,0.097 -1.566,0 -2.847,-0.065 -3.996,-0.097 l 0,0.959 1.471,0.096 c 0.544,0.032 0.894,0.161 1.022,0.447 C -0.032,-8.697 0,-8.058 0,-7.192 L 0,0 z"
               id="path40099"
               style="fill:#b32025;fill-opacity:1;fill-rule:nonzero;stroke:none" /></g><g
             transform="translate(439.4158,247.457)"
             id="g40101"><path
               d="m 0,0 0,-1.309 c 0,-1.985 2.27,-2.72 4.123,-2.72 2.014,0 3.743,1.182 3.743,2.911 0,1.023 -0.546,1.853 -1.537,2.109 -1.406,0.352 -3.164,0.704 -4.697,1.278 -1.537,0.575 -2.719,1.534 -2.719,3.485 0,3.452 3.006,4.666 6.01,4.666 1.503,0 2.877,-0.352 4.126,-0.799 -0.098,-1.15 -0.13,-2.333 -0.16,-3.61 l -0.897,0 0,0.734 c 0,1.662 -1.886,2.62 -3.708,2.62 -2.716,0 -3.133,-1.501 -3.133,-2.588 0,-1.375 1.054,-2.111 3.484,-2.527 3.806,-0.639 5.595,-1.597 5.595,-4.09 0,-3.518 -3.515,-5.371 -7.065,-5.371 -1.533,0 -2.909,0.224 -4.477,0.767 0.321,1.406 0.351,2.942 0.351,4.444 L 0,0 z"
               id="path40103"
               style="fill:#b32025;fill-opacity:1;fill-rule:nonzero;stroke:none" /></g><g
             transform="translate(456.9988,263.0566)"
             id="g40105"><path
               d="m 0,0 c 0,-0.926 -0.864,-1.757 -1.791,-1.757 -0.927,0 -1.759,0.831 -1.759,1.757 0,0.927 0.832,1.79 1.759,1.79 C -0.864,1.79 0,0.927 0,0 m -0.287,-16.909 c 0,-0.866 0.032,-1.505 0.16,-1.858 0.127,-0.286 0.479,-0.415 1.021,-0.446 l 1.471,-0.097 0,-0.958 c -1.15,0.032 -2.429,0.096 -3.994,0.096 -1.569,0 -2.848,-0.064 -3.998,-0.096 l 0,0.958 1.47,0.097 c 0.544,0.031 0.895,0.16 1.024,0.446 0.126,0.353 0.158,0.992 0.158,1.858 l 0,7.192 c 0,1.023 -0.062,1.726 -0.223,1.981 -0.191,0.256 -0.51,0.352 -1.183,0.352 l -1.182,0 0,0.894 c 1.885,0.192 3.803,0.8 4.987,1.311 l 0.289,-0.128 0,-11.602 z"
               id="path40107"
               style="fill:#b32025;fill-opacity:1;fill-rule:nonzero;stroke:none" /></g><g
             transform="translate(460.0668,254.9692)"
             id="g40109"><path
               d="m 0,0 0,0.671 2.493,1.119 0,2.238 c 0,0.831 -0.033,1.663 -0.128,2.526 1.152,0.351 2.173,0.863 2.719,1.214 L 5.467,7.417 C 5.277,6.01 5.114,4.22 5.114,2.876 l 0,-1.214 4.38,0.191 -0.288,-1.725 -4.092,0 0,-8.374 c 0,-1.474 0.418,-2.209 1.759,-2.209 0.832,0 1.438,0.352 1.886,0.608 l 0.415,-0.544 -1.534,-1.693 c -0.287,-0.32 -1.406,-0.383 -2.077,-0.383 -1.695,0 -3.134,0.798 -3.134,3.386 l 0,9.209 L 0,0 z"
               id="path40111"
               style="fill:#b32025;fill-opacity:1;fill-rule:nonzero;stroke:none" /></g><g
             transform="translate(483.7238,254.9692)"
             id="g40113"><path
               d="m 0,0 c 0.478,1.183 0,1.534 -1.151,1.63 l -0.832,0.064 0,0.894 C -0.959,2.556 0.03,2.493 1.053,2.493 c 1.025,0 2.017,0.063 3.038,0.095 l 0,-0.894 L 3.196,1.63 C 2.429,1.566 1.725,0.575 0.51,-2.239 l -6.489,-14.962 c -1.023,-2.332 -2.174,-3.93 -4.857,-3.93 -0.545,0 -1.249,0.257 -1.6,0.48 l 0.767,2.396 0.417,0 c 0.383,-0.384 1.182,-0.767 1.63,-0.735 1.853,0.129 2.875,2.72 3.483,4.19 l 0.734,1.948 c -0.542,1.504 -1.181,3.072 -1.789,4.542 l -3.483,8.374 c -0.512,1.214 -0.961,1.502 -1.663,1.566 l -0.575,0.064 0,0.894 c 1.246,-0.032 2.462,-0.095 3.708,-0.095 1.247,0 2.46,0.063 3.708,0.095 l 0,-0.894 L -6.714,1.63 C -7.609,1.598 -8.153,1.278 -7.482,-0.447 l 2.045,-5.37 c 0.449,-1.216 0.963,-2.366 1.633,-3.516 L 0,0 z"
               id="path40115"
               style="fill:#b32025;fill-opacity:1;fill-rule:nonzero;stroke:none" /></g></g></g><g
         transform="translate(225.91536,91.828059)"
         id="g40117"><g
           clip-path="url(#clipPath40121-3)"
           id="g40119"><g
             transform="translate(214.4949,254.2539)"
             id="g40125"><path
               d="m 0,0 c 0,-24.645 -19.978,-44.623 -44.623,-44.623 -24.643,0 -44.62,19.978 -44.62,44.623 0,24.642 19.977,44.621 44.62,44.621 C -19.978,44.621 0,24.642 0,0 z"
               id="path40127"
               style="fill:none;stroke:#b32025;stroke-width:2.13400006;stroke-linecap:butt;stroke-linejoin:miter;stroke-miterlimit:4;stroke-opacity:1;stroke-dasharray:none" /></g></g></g><g
         transform="translate(225.91536,91.828059)"
         id="g40129"><g
           clip-path="url(#clipPath40133-6)"
           id="g40131"><g
             transform="translate(203.1286,254.2539)"
             id="g40137"><path
               d="m 0,0 c 0,-18.365 -14.891,-33.258 -33.257,-33.258 -18.368,0 -33.254,14.893 -33.254,33.258 0,18.367 14.886,33.255 33.254,33.255 C -14.891,33.255 0,18.367 0,0 z"
               id="path40139"
               style="fill:none;stroke:#b32025;stroke-width:2.11999989;stroke-linecap:butt;stroke-linejoin:miter;stroke-miterlimit:4;stroke-opacity:1;stroke-dasharray:none" /></g><g
             transform="translate(190.6013,247.5576)"
             id="g40141"><path
               d="m 0,0 c 0,4.717 -0.004,28.755 -0.004,28.755 l -41.481,-0.004 c 0,0 -0.003,-23.523 -0.003,-28.233 0,-15.794 20.768,-24.706 20.768,-24.706 0,0 20.72,9.068 20.72,24.188 z m -30.331,13.887 c 0,0 -2.28,1.335 -3.767,2.331 -1.488,0.995 -1.498,1.752 -1.512,1.944 -0.014,0.196 -0.008,7.407 -0.008,7.407 l 10.636,0 c 0,0 0.016,-7.211 0,-7.407 -0.015,-0.192 0.077,-0.949 -1.412,-1.944 -1.486,-0.996 -3.937,-2.331 -3.937,-2.331 z m 19.725,0.052 c 0,0 -2.277,1.333 -3.761,2.329 -1.487,0.996 -1.5,1.752 -1.515,1.943 -0.016,0.197 -0.008,7.409 -0.008,7.409 l 10.634,0 c 0,0 0.016,-7.212 0,-7.409 -0.012,-0.191 0.077,-0.947 -1.409,-1.943 -1.488,-0.996 -3.941,-2.329 -3.941,-2.329 z"
               id="path40143"
               style="fill:none;stroke:#b32025;stroke-width:2.13400006;stroke-linecap:butt;stroke-linejoin:miter;stroke-miterlimit:4;stroke-opacity:1;stroke-dasharray:none" /></g><g
             transform="translate(148.2136,258.4093)"
             id="g40145"><path
               d="M 0,0 42.688,0"
               id="path40147"
               style="fill:none;stroke:#b32025;stroke-width:2.11299992;stroke-linecap:butt;stroke-linejoin:miter;stroke-miterlimit:4;stroke-opacity:1;stroke-dasharray:none" /></g><g
             transform="translate(169.6184,252.7657)"
             id="g40149"><path
               d="m 0,0 c 0,0 0.294,0.607 1.439,0.874 0,0 1.116,0.233 2.364,0.092 C 5.624,0.805 7.085,0.592 8.284,0.564 9.895,0.525 10.95,0.554 11.724,0.537 l 0.003,-17.942 c 0,0 -1.187,-0.067 -2.702,-0.031 -3.099,0.071 -4.268,0.395 -6.702,0.389 -1.453,-0.002 -1.58,-1.169 -2.125,-1.169 -0.551,0 -0.609,1.167 -2.038,1.169 -2.437,0.006 -3.604,-0.318 -6.704,-0.389 -1.517,-0.036 -2.703,0.031 -2.703,0.031 l 0.003,17.942 c 0.776,0.017 1.828,-0.012 3.437,0.027 1.207,0.028 2.665,0.241 4.484,0.402 1.248,0.141 2.366,-0.092 2.366,-0.092 C 0.182,0.607 0.56,-0.05 0.56,-0.05"
               id="path40151"
               style="fill:none;stroke:#b32025;stroke-width:2.13400006;stroke-linecap:butt;stroke-linejoin:miter;stroke-miterlimit:4;stroke-opacity:1;stroke-dasharray:none" /></g><g
             transform="translate(154.988,269.1353)"
             id="g40153"><path
               d="M 0,0 10.553,0"
               id="path40155"
               style="fill:none;stroke:#b32025;stroke-width:1.77499998;stroke-linecap:butt;stroke-linejoin:miter;stroke-miterlimit:4;stroke-opacity:1;stroke-dasharray:none" /></g><g
             transform="translate(154.988,269.1353)"
             id="g40157"><path
               d="M 0,0 10.553,0"
               id="path40159"
               style="fill:none;stroke:#b32025;stroke-width:2.13400006;stroke-linecap:butt;stroke-linejoin:miter;stroke-miterlimit:4;stroke-opacity:1;stroke-dasharray:none" /></g><g
             transform="translate(169.7864,259.0875)"
             id="g40161"><path
               d="M 0,0 0,-35.897"
               id="path40163"
               style="fill:none;stroke:#b32025;stroke-width:1.77499998;stroke-linecap:butt;stroke-linejoin:miter;stroke-miterlimit:4;stroke-opacity:1;stroke-dasharray:none" /></g><g
             transform="translate(169.7864,259.0875)"
             id="g40165"><path
               d="M 0,0 0,-35.897"
               id="path40167"
               style="fill:none;stroke:#b32025;stroke-width:1.60000002;stroke-linecap:butt;stroke-linejoin:miter;stroke-miterlimit:4;stroke-opacity:1;stroke-dasharray:none" /></g><g
             transform="translate(185.0149,266.9083)"
             id="g40169"><path
               d="M 0,0 -5.201,3.468 -10.001,0"
               id="path40171"
               style="fill:none;stroke:#b32025;stroke-width:1.77499998;stroke-linecap:butt;stroke-linejoin:miter;stroke-miterlimit:4;stroke-opacity:1;stroke-dasharray:none" /></g><g
             transform="translate(185.1633,266.9083)"
             id="g40173"><path
               d="M 0,0 -5.202,3.468 -10,0"
               id="path40175"
               style="fill:none;stroke:#b32025;stroke-width:2.13400006;stroke-linecap:butt;stroke-linejoin:miter;stroke-miterlimit:4;stroke-opacity:1;stroke-dasharray:none" /></g><g
             transform="translate(172.7029,249.8945)"
             id="g40177"><path
               d="M 0,0 C 0.166,0.007 0.352,0.004 0.543,-0.017 1.5,-0.105 2.267,-0.216 2.898,-0.23 3.746,-0.254 5.176,-0.295 5.584,-0.304 M 0,-3.423 c 0.166,0.005 0.352,0 0.543,-0.021 C 1.5,-3.53 2.267,-3.641 2.898,-3.655 3.746,-3.673 5.176,-3.715 5.584,-3.723 M 0,-6.849 c 0.166,0.006 0.352,0 0.543,-0.019 0.957,-0.085 1.724,-0.198 2.355,-0.21 0.848,-0.02 2.278,-0.065 2.686,-0.07 M 0,-10.271 c 0.166,0.005 0.352,0 0.543,-0.022 0.957,-0.086 1.724,-0.196 2.355,-0.212 0.848,-0.022 2.278,-0.06 2.686,-0.068 M -5.769,0.029 c -0.159,0.002 -0.334,-0.004 -0.513,-0.022 -0.957,-0.09 -1.723,-0.2 -2.354,-0.212 -0.846,-0.022 -2.279,-0.061 -2.688,-0.069 M -5.769,-3.4 c -0.159,0.007 -0.334,0 -0.513,-0.014 -0.957,-0.09 -1.723,-0.2 -2.354,-0.216 -0.846,-0.019 -2.279,-0.06 -2.688,-0.069 m 5.555,-3.122 c -0.159,0.002 -0.334,0 -0.513,-0.022 -0.957,-0.085 -1.723,-0.197 -2.354,-0.205 -0.846,-0.024 -2.279,-0.065 -2.688,-0.07 m 5.552,-3.125 c -0.16,0.002 -0.334,0 -0.51,-0.02 -0.957,-0.09 -1.723,-0.201 -2.354,-0.215 -0.846,-0.024 -2.279,-0.064 -2.688,-0.07"
               id="path40179"
               style="fill:none;stroke:#b32025;stroke-width:1.12199998;stroke-linecap:butt;stroke-linejoin:miter;stroke-miterlimit:4;stroke-opacity:1;stroke-dasharray:none" /></g><path
             d="m 155.21,251.501 2.323,0 0,-2.552 -2.323,0 0,2.552 z"
             id="path40181"
             style="fill:#b32025;fill-opacity:1;fill-rule:nonzero;stroke:none" /><path
             d="m 155.21,245.6 2.448,0 0,-2.554 -2.448,0 0,2.554 z"
             id="path40183"
             style="fill:#b32025;fill-opacity:1;fill-rule:nonzero;stroke:none" /><path
             d="m 155.21,240.319 2.323,0 0,-2.543 -2.323,0 0,2.543 z"
             id="path40185"
             style="fill:#b32025;fill-opacity:1;fill-rule:nonzero;stroke:none" /><path
             d="m 181.958,250.996 2.324,0 0,-2.546 -2.324,0 0,2.546 z"
             id="path40187"
             style="fill:#b32025;fill-opacity:1;fill-rule:nonzero;stroke:none" /><path
             d="m 181.958,245.097 2.448,0 0,-2.551 -2.448,0 0,2.551 z"
             id="path40189"
             style="fill:#b32025;fill-opacity:1;fill-rule:nonzero;stroke:none" /><path
             d="m 181.958,239.82 2.324,0 0,-2.549 -2.324,0 0,2.549 z"
             id="path40191"
             style="fill:#b32025;fill-opacity:1;fill-rule:nonzero;stroke:none" /><g
             transform="translate(134.009,258.6445)"
             id="g40193"><path
               d="m 0,0 c 0.079,-0.45 0.137,-0.932 0.107,-1.393 -0.123,-1.96 -1.204,-3.26 -3.279,-3.13 -2.104,0.132 -3.202,1.475 -3.075,3.528 0.027,0.401 0.139,0.924 0.341,1.356 L -4.872,0.21 c -0.294,-0.445 -0.382,-0.856 -0.408,-1.29 -0.078,-1.25 0.839,-2.091 2.099,-2.17 1.251,-0.08 2.237,0.629 2.319,1.919 0.031,0.476 -0.041,1.047 -0.172,1.342 L 0,0 z"
               id="path40195"
               style="fill:#b32025;fill-opacity:1;fill-rule:nonzero;stroke:none" /></g><g
             transform="translate(134.3909,263.8735)"
             id="g40197"><path
               d="M 0,0 C 0.34,1.195 -0.611,1.946 -1.68,2.249 -2.724,2.547 -3.928,2.373 -4.259,1.208 -4.588,0.047 -3.655,-0.733 -2.611,-1.029 -1.545,-1.333 -0.34,-1.197 0,0 M -5.189,1.476 C -4.67,3.308 -3.124,3.978 -1.332,3.469 0.457,2.963 1.457,1.58 0.932,-0.265 0.4,-2.138 -1.143,-2.768 -2.959,-2.254 c -1.816,0.518 -2.759,1.87 -2.23,3.73"
               id="path40199"
               style="fill:#b32025;fill-opacity:1;fill-rule:nonzero;stroke:none" /></g><g
             transform="translate(134.5373,271.5533)"
             id="g40201"><path
               d="M 0,0 0.189,0.353 C 0.472,0.882 0.717,1.531 0.039,1.891 -0.615,2.24 -0.988,1.668 -1.274,1.132 L -1.462,0.779 0,0 z m -2.89,0.161 0.619,1.157 C -1.661,2.47 -0.969,3.866 0.542,3.061 1.179,2.721 1.484,2.016 1.214,1.286 L 1.228,1.274 c 0.179,0.282 0.566,0.292 0.865,0.27 L 4.673,1.274 4.037,0.077 1.998,0.336 C 1.51,0.397 1.281,0.343 1.041,-0.108 L 0.858,-0.455 3.113,-1.658 2.541,-2.733 -2.89,0.161 z"
               id="path40203"
               style="fill:#b32025;fill-opacity:1;fill-rule:nonzero;stroke:none" /></g><g
             transform="translate(135.8059,278.7442)"
             id="g40205"><path
               d="M 0,0 0.956,1.15 5.974,-0.006 5.986,0.007 2.444,2.943 3.186,3.842 7.924,-0.087 6.975,-1.231 1.95,-0.08 1.94,-0.094 5.481,-3.033 4.737,-3.928 0,0 z"
               id="path40207"
               style="fill:#b32025;fill-opacity:1;fill-rule:nonzero;stroke:none" /></g><g
             transform="translate(141.9714,285.4292)"
             id="g40209"><path
               d="M 0,0 2.775,2.259 3.388,1.508 1.553,0.017 2.511,-1.161 4.191,0.208 4.804,-0.543 3.123,-1.913 4.215,-3.253 6.062,-1.749 6.673,-2.501 3.883,-4.773 0,0 z"
               id="path40211"
               style="fill:#b32025;fill-opacity:1;fill-rule:nonzero;stroke:none" /></g><g
             transform="translate(148.009,289.8668)"
             id="g40213"><path
               d="M 0,0 1.062,0.6 3.604,-3.918 5.656,-2.762 6.132,-3.609 3.016,-5.36 0,0 z"
               id="path40215"
               style="fill:#b32025;fill-opacity:1;fill-rule:nonzero;stroke:none" /></g><g
             transform="translate(154.258,293.001)"
             id="g40217"><path
               d="M 0,0 1.146,0.415 2.908,-4.457 5.123,-3.658 5.456,-4.568 2.094,-5.785 0,0 z"
               id="path40219"
               style="fill:#b32025;fill-opacity:1;fill-rule:nonzero;stroke:none" /></g><g
             transform="translate(164.0681,295.6743)"
             id="g40221"><path
               d="m 0,0 1.215,0.102 0.291,-3.544 c 0.086,-1.043 0.473,-1.704 1.403,-1.626 0.925,0.075 1.197,0.79 1.11,1.832 L 3.725,0.311 4.94,0.41 5.264,-3.509 C 5.401,-5.153 4.538,-5.906 2.986,-6.036 1.438,-6.164 0.461,-5.563 0.325,-3.92 L 0,0 z"
               id="path40223"
               style="fill:#b32025;fill-opacity:1;fill-rule:nonzero;stroke:none" /></g><g
             transform="translate(173.1853,295.9849)"
             id="g40225"><path
               d="M 0,0 1.482,-0.201 3.159,-5.072 3.178,-5.075 3.791,-0.511 4.947,-0.668 4.123,-6.766 2.651,-6.568 0.966,-1.697 0.948,-1.696 0.335,-6.253 -0.821,-6.1 0,0 z"
               id="path40227"
               style="fill:#b32025;fill-opacity:1;fill-rule:nonzero;stroke:none" /></g><g
             transform="translate(181.9075,294.314)"
             id="g40229"><path
               d="M 0,0 1.161,-0.364 -0.681,-6.236 -1.842,-5.871 0,0 z"
               id="path40231"
               style="fill:#b32025;fill-opacity:1;fill-rule:nonzero;stroke:none" /></g><g
             transform="translate(186.2351,292.8575)"
             id="g40233"><path
               d="M 0,0 1.165,-0.591 0.374,-5.604 0.39,-5.612 3.944,-1.996 5.022,-2.538 0.422,-7.109 -0.913,-6.436 0,0 z"
               id="path40235"
               style="fill:#b32025;fill-opacity:1;fill-rule:nonzero;stroke:none" /></g><g
             transform="translate(194.2131,288.3179)"
             id="g40237"><path
               d="M 0,0 2.822,-2.209 2.227,-2.971 0.363,-1.515 -0.57,-2.71 1.133,-4.044 0.537,-4.81 -1.167,-3.475 -2.233,-4.837 -0.355,-6.305 -0.951,-7.068 -3.787,-4.851 0,0 z"
               id="path40239"
               style="fill:#b32025;fill-opacity:1;fill-rule:nonzero;stroke:none" /></g><g
             transform="translate(198.7068,280.8009)"
             id="g40241"><path
               d="m 0,0 0.264,-0.302 c 0.394,-0.45 0.915,-0.909 1.491,-0.401 0.558,0.487 0.156,1.037 -0.246,1.494 L 1.244,1.093 0,0 z M 1.172,2.647 2.038,1.662 C 2.899,0.68 3.958,-0.46 2.673,-1.59 2.129,-2.066 1.363,-2.101 0.772,-1.592 L 0.758,-1.601 c 0.2,-0.266 0.075,-0.631 -0.05,-0.901 l -1.168,-2.32 -0.895,1.019 0.962,1.817 c 0.23,0.433 0.262,0.666 -0.079,1.05 l -0.256,0.295 -1.923,-1.684 -0.804,0.914 4.627,4.058 z"
               id="path40243"
               style="fill:#b32025;fill-opacity:1;fill-rule:nonzero;stroke:none" /></g><g
             transform="translate(205.6238,273.6905)"
             id="g40245"><path
               d="m 0,0 c -0.052,0.415 -0.184,0.831 -0.401,1.197 -0.213,0.36 -0.645,0.727 -1.222,0.389 -0.921,-0.544 0.823,-2.605 -0.953,-3.655 -1.16,-0.687 -2.138,-0.041 -2.761,1.012 -0.337,0.571 -0.412,0.869 -0.589,1.46 l 1.014,0.472 C -4.895,0.397 -4.78,-0.091 -4.54,-0.501 -4.302,-0.9 -3.786,-1.31 -3.308,-1.024 -2.295,-0.429 -4.07,1.613 -2.316,2.65 -1.132,3.35 -0.164,2.699 0.38,1.78 0.645,1.332 0.832,0.877 0.929,0.421 L 0,0 z"
               id="path40247"
               style="fill:#b32025;fill-opacity:1;fill-rule:nonzero;stroke:none" /></g><g
             transform="translate(208.3201,270.628)"
             id="g40249"><path
               d="m 0,0 0.462,-1.128 -5.7,-2.324 -0.458,1.126 L 0,0 z"
               id="path40251"
               style="fill:#b32025;fill-opacity:1;fill-rule:nonzero;stroke:none" /></g><g
             transform="translate(209.3796,264.5356)"
             id="g40253"><path
               d="M 0,0 -0.417,1.689 0.525,1.919 1.648,-2.642 0.707,-2.872 0.291,-1.183 -4.743,-2.422 -5.034,-1.239 0,0 z"
               id="path40255"
               style="fill:#b32025;fill-opacity:1;fill-rule:nonzero;stroke:none" /></g><g
             transform="translate(207.9036,256.6075)"
             id="g40257"><path
               d="M 0,0 3.591,2.419 3.672,0.996 1.169,-0.579 3.832,-1.896 3.902,-3.183 0.068,-1.217 -2.364,-1.352 -2.431,-0.135 0,0 z"
               id="path40259"
               style="fill:#b32025;fill-opacity:1;fill-rule:nonzero;stroke:none" /></g><g
             transform="translate(134.9656,245.9688)"
             id="g40261"><path
               d="m 0,0 0.943,-3.274 -0.932,-0.271 -0.604,2.096 -1.456,-0.422 0.573,-1.991 -0.93,-0.271 -0.574,1.995 -2.594,-0.75 -0.342,1.183 L 0,0 z"
               id="path40263"
               style="fill:#b32025;fill-opacity:1;fill-rule:nonzero;stroke:none" /></g><g
             transform="translate(133.0071,236.042)"
             id="g40265"><path
               d="M 0,0 C 0.554,-1.131 1.762,-1.056 2.76,-0.563 3.734,-0.088 4.509,0.855 3.97,1.949 3.435,3.043 2.217,3.002 1.242,2.526 0.244,2.036 -0.555,1.127 0,0 M 4.842,2.379 C 5.692,0.651 4.998,-0.896 3.325,-1.715 1.657,-2.537 -0.013,-2.172 -0.87,-0.428 -1.74,1.336 -1.015,2.85 0.678,3.679 2.372,4.51 3.98,4.127 4.842,2.379"
               id="path40267"
               style="fill:#b32025;fill-opacity:1;fill-rule:nonzero;stroke:none" /></g><g
             transform="translate(140.4661,233.5771)"
             id="g40269"><path
               d="m 0,0 0.767,-0.962 -2.78,-2.207 c -0.823,-0.651 -1.153,-1.343 -0.568,-2.078 0.584,-0.739 1.33,-0.573 2.151,0.082 l 2.781,2.211 0.767,-0.965 -3.08,-2.444 c -1.289,-1.026 -2.4,-0.721 -3.381,0.508 -0.977,1.233 -1.025,2.389 0.264,3.415 L 0,0 z"
               id="path40271"
               style="fill:#b32025;fill-opacity:1;fill-rule:nonzero;stroke:none" /></g><g
             transform="translate(145.5154,227.6866)"
             id="g40273"><path
               d="m 0,0 1.172,-0.955 -1.106,-5.041 0.014,-0.008 2.913,3.558 0.913,-0.743 -3.899,-4.763 -1.163,0.95 1.098,5.051 -0.016,0.008 -2.911,-3.559 -0.912,0.743 L 0,0 z"
               id="path40275"
               style="fill:#b32025;fill-opacity:1;fill-rule:nonzero;stroke:none" /></g><g
             transform="translate(150.5276,217.7969)"
             id="g40277"><path
               d="M 0,0 0.613,-0.309 C 1.532,-0.768 2.762,-0.528 3.365,0.671 3.966,1.865 3.426,2.998 2.506,3.46 L 1.893,3.77 0,0 z M 1.228,5.187 2.731,4.435 C 4.408,3.589 5.61,2.277 4.511,0.093 3.416,-2.089 1.645,-1.908 -0.034,-1.064 l -1.5,0.75 2.762,5.501 z"
               id="path40279"
               style="fill:#b32025;fill-opacity:1;fill-rule:nonzero;stroke:none" /></g><g
             transform="translate(158.8728,219.8194)"
             id="g40281"><path
               d="M 0,0 3.498,-0.937 3.247,-1.871 0.939,-1.256 0.549,-2.72 2.663,-3.283 2.414,-4.219 0.298,-3.655 -0.146,-5.326 2.181,-5.946 1.932,-6.884 -1.585,-5.946 0,0 z"
               id="path40283"
               style="fill:#b32025;fill-opacity:1;fill-rule:nonzero;stroke:none" /></g><g
             transform="translate(166.0085,213.1523)"
             id="g40285"><path
               d="M 0,0 0.686,-0.038 C 1.713,-0.096 2.747,0.614 2.825,1.954 2.899,3.29 1.951,4.112 0.926,4.171 L 0.244,4.209 0,0 z M -0.931,5.249 0.745,5.152 C 2.62,5.048 4.244,4.319 4.104,1.882 3.965,-0.557 2.271,-1.098 0.395,-0.993 l -1.675,0.096 0.349,6.146 z"
               id="path40287"
               style="fill:#b32025;fill-opacity:1;fill-rule:nonzero;stroke:none" /></g><g
             transform="translate(177.2864,217.7794)"
             id="g40289"><path
               d="M 0,0 -0.018,-0.003 -0.352,-2.67 1.4,-2.295 0,0 z M -0.92,1.066 0.435,1.357 4.084,-4.151 2.75,-4.44 1.941,-3.17 -0.491,-3.696 -0.72,-5.184 -1.964,-5.451 -0.92,1.066 z"
               id="path40291"
               style="fill:#b32025;fill-opacity:1;fill-rule:nonzero;stroke:none" /></g><g
             transform="translate(182.7405,215.4785)"
             id="g40293"><path
               d="M 0,0 1.156,0.418 1.577,-0.741 0.422,-1.158 0,0 z"
               id="path40295"
               style="fill:#b32025;fill-opacity:1;fill-rule:nonzero;stroke:none" /></g><g
             transform="translate(187.8572,217.3369)"
             id="g40297"><path
               d="m 0,0 0.602,0.323 c 0.903,0.494 1.409,1.639 0.772,2.819 -0.639,1.18 -1.877,1.38 -2.781,0.886 L -2.01,3.703 0,0 z M -3.553,3.971 -2.079,4.77 C -0.424,5.67 1.338,5.899 2.502,3.753 3.666,1.604 2.507,0.256 0.855,-0.639 l -1.476,-0.799 -2.932,5.409 z"
               id="path40299"
               style="fill:#b32025;fill-opacity:1;fill-rule:nonzero;stroke:none" /></g><g
             transform="translate(192.1428,220.1671)"
             id="g40301"><path
               d="M 0,0 1.012,0.705 1.715,-0.311 0.706,-1.014 0,0 z"
               id="path40303"
               style="fill:#b32025;fill-opacity:1;fill-rule:nonzero;stroke:none" /></g><g
             transform="translate(194.6809,228.5859)"
             id="g40305"><path
               d="M 0,0 0.773,0.765 5.096,-3.619 4.221,-4.483 0.884,-1.102 0.739,-2.43 -0.263,-2.291 0,0 z"
               id="path40307"
               style="fill:#b32025;fill-opacity:1;fill-rule:nonzero;stroke:none" /></g><g
             transform="translate(202.7346,229.7549)"
             id="g40309"><path
               d="M 0,0 C 0.296,0.395 0.274,0.888 -0.136,1.192 -0.624,1.554 -1.168,1.309 -1.607,1.001 -1.696,0.522 -1.673,0.08 -1.256,-0.232 -0.842,-0.536 -0.292,-0.396 0,0 M -2.251,1.771 C -2.147,2.119 -2.257,2.625 -2.561,2.85 -2.93,3.124 -3.358,3.078 -3.635,2.704 -3.899,2.343 -3.968,1.839 -3.573,1.544 -3.145,1.231 -2.629,1.527 -2.251,1.771 m -0.292,-1.18 c -0.588,-0.33 -1.237,-0.354 -1.756,0.027 -0.885,0.657 -0.808,1.636 -0.145,2.533 0.643,0.869 1.583,1.385 2.411,0.776 0.448,-0.334 0.764,-0.992 0.579,-1.698 l 0.008,-0.005 c 0.785,0.424 1.431,0.407 1.997,-0.011 1.002,-0.738 0.91,-1.784 0.187,-2.761 -0.711,-0.958 -1.704,-1.43 -2.707,-0.681 -0.555,0.407 -0.707,1.001 -0.561,1.809 l -0.013,0.011 z"
               id="path40311"
               style="fill:#b32025;fill-opacity:1;fill-rule:nonzero;stroke:none" /></g><g
             transform="translate(205.2107,235.7373)"
             id="g40313"><path
               d="M 0,0 C 0.518,-0.259 1.087,-0.267 1.355,0.276 1.613,0.784 1.223,1.246 0.733,1.489 0.196,1.757 -0.409,1.786 -0.674,1.257 -0.941,0.726 -0.554,0.276 0,0 M -1.727,3.568 C -1.998,3.339 -2.241,3.093 -2.427,2.721 -2.899,1.774 -2.178,1.008 -1.373,0.564 l 0.024,0.011 C -1.599,1.023 -1.602,1.446 -1.372,1.911 -0.854,2.948 0.091,3.184 1.109,2.678 2.301,2.079 2.798,1.106 2.18,-0.135 1.417,-1.661 -0.023,-1.367 -1.314,-0.72 -2.809,0.025 -4.208,1.324 -3.32,3.1 c 0.197,0.399 0.45,0.748 0.771,1.059 l 0.822,-0.591 z"
               id="path40315"
               style="fill:#b32025;fill-opacity:1;fill-rule:nonzero;stroke:none" /></g><g
             transform="translate(205.5378,245.8672)"
             id="g40317"><path
               d="m 0,0 -0.672,-2.269 1.25,-0.401 c 0.013,0.145 0.034,0.331 0.103,0.555 0.245,0.828 0.953,1.781 2.481,1.324 C 4.269,-1.119 4.934,-2.158 4.481,-3.677 4.347,-4.133 4.112,-4.639 3.905,-5.001 l -1.05,0.342 c 0.205,0.251 0.502,0.601 0.654,1.113 0.183,0.617 0.088,1.347 -0.664,1.568 C 2.083,-1.752 1.623,-2.347 1.421,-3.02 1.313,-3.384 1.262,-3.744 1.268,-4.124 l -3.151,1.003 1.005,3.38 L 0,0 z"
               id="path40319"
               style="fill:#b32025;fill-opacity:1;fill-rule:nonzero;stroke:none" /></g></g></g></g></g></svg>